-----------------
| 0 | 0 | 0 | 0 |
-----------------
| 0 | 0 | 0 | 0 |
-----------------
| 0 | 0 | 0 | 0 |
-----------------
| 0 | 0 | 0 | 0 |
-----------------

17x9

-----------------------------------------
| 0 | 0 | 0 | 0 | 0 | 0 | 0 | 0 | 0 | 0 |
-----------------------------------------
| 0 | 0 | 0 | 0 | 0 | 0 | 0 | 0 | 0 | 0 |
-----------------------------------------
| 0 | 0 | 0 | 0 | 0 | 0 | 0 | 0 | 0 | 0 |
-----------------------------------------
| 0 | 0 | 0 | 0 | 0 | 0 | 0 | 0 | 0 | 0 |
-----------------------------------------
| 0 | 0 | 0 | 0 | 0 | 0 | 0 | 0 | 0 | 0 |
-----------------------------------------
| 0 | 0 | 0 | 0 | 0 | 0 | 0 | 0 | 0 | 0 |
-----------------------------------------
| 0 | 0 | 0 | 0 | 0 | 0 | 0 | 0 | 0 | 0 |
-----------------------------------------
| 0 | 0 | 0 | 0 | 0 | 0 | 0 | 0 | 0 | 0 |
-----------------------------------------
| 0 | 0 | 0 | 0 | 0 | 0 | 0 | 0 | 0 | 0 |
-----------------------------------------
| 0 | 0 | 0 | 0 | 0 | 0 | 0 | 0 | 0 | 0 |
-----------------------------------------

41x20

-----------------------------------------------------------------
| 0 | 0 | 0 | 0 | 0 | 0 | 0 | 0 | 0 | 0 | 0 | 0 | 0 | 0 | 0 | 0 |
-----------------------------------------------------------------
| 0 | 0 | 0 | 0 | 0 | 0 | 0 | 0 | 0 | 0 | 0 | 0 | 0 | 0 | 0 | 0 |
-----------------------------------------------------------------
| 0 | 0 | 0 | 0 | 0 | 0 | 0 | 0 | 0 | 0 | 0 | 0 | 0 | 0 | 0 | 0 |
-----------------------------------------------------------------
| 0 | 0 | 0 | 0 | 0 | 0 | 0 | 0 | 0 | 0 | 0 | 0 | 0 | 0 | 0 | 0 |
-----------------------------------------------------------------
| 0 | 0 | 0 | 0 | 0 | 0 | 0 | 0 | 0 | 0 | 0 | 0 | 0 | 0 | 0 | 0 |
-----------------------------------------------------------------
| 0 | 0 | 0 | 0 | 0 | 0 | 0 | 0 | 0 | 0 | 0 | 0 | 0 | 0 | 0 | 0 |
-----------------------------------------------------------------
| 0 | 0 | 0 | 0 | 0 | 0 | 0 | 0 | 0 | 0 | 0 | 0 | 0 | 0 | 0 | 0 |
-----------------------------------------------------------------
| 0 | 0 | 0 | 0 | 0 | 0 | 0 | 0 | 0 | 0 | 0 | 0 | 0 | 0 | 0 | 0 |
-----------------------------------------------------------------
| 0 | 0 | 0 | 0 | 0 | 0 | 0 | 0 | 0 | 0 | 0 | 0 | 0 | 0 | 0 | 0 |
-----------------------------------------------------------------
| 0 | 0 | 0 | 0 | 0 | 0 | 0 | 0 | 0 | 0 | 0 | 0 | 0 | 0 | 0 | 0 |
-----------------------------------------------------------------
| 0 | 0 | 0 | 0 | 0 | 0 | 0 | 0 | 0 | 0 | 0 | 0 | 0 | 0 | 0 | 0 |
-----------------------------------------------------------------
| 0 | 0 | 0 | 0 | 0 | 0 | 0 | 0 | 0 | 0 | 0 | 0 | 0 | 0 | 0 | 0 |
-----------------------------------------------------------------
| 0 | 0 | 0 | 0 | 0 | 0 | 0 | 0 | 0 | 0 | 0 | 0 | 0 | 0 | 0 | 0 |
-----------------------------------------------------------------
| 0 | 0 | 0 | 0 | 0 | 0 | 0 | 0 | 0 | 0 | 0 | 0 | 0 | 0 | 0 | 0 |
-----------------------------------------------------------------
| 0 | 0 | 0 | 0 | 0 | 0 | 0 | 0 | 0 | 0 | 0 | 0 | 0 | 0 | 0 | 0 |
-----------------------------------------------------------------
| 0 | 0 | 0 | 0 | 0 | 0 | 0 | 0 | 0 | 0 | 0 | 0 | 0 | 0 | 0 | 0 |
-----------------------------------------------------------------

65x32